88
42	40	41
42	12	13	10	8	0	40
42	12	11	7	41
46	44	43	45
45	1	22	20	43
46	8	10	9	44
48	20	43	44	9	47
49	24	23	21	22	20	48
58	56	55	57
58	3	15	16	14	2	17	56
63	59	60	61	62
61	19	23	24	60
72	27	68	67	64	66	71
78	62	61	19	6	77
79	14	16	63	62	78
85	83	82	84
87	18	17	2	39	86
90	47	48	49	89
91	50	13	10	9	47	90
96	94	93	92	95
95	15	16	63	59	92
93	89	49	24	60	59	92
94	91	90	89	93
96	51	52	50	91	94
96	51	3	15	95
98	53	57	58	3	51	52	97
105	101	103	102	104
103	64	67	69	101
103	64	66	65	102
109	105	104	31	30	4	108
115	70	110	111	68	27	26	114
117	37	25	26	114
117	37	82	84	116
118	80	81	85	84	116
119	80	118
121	70	110	112	29	120
124	115	70	121
125	119	118	116	117	114	115	124
127	54	100	98	53	126
131	25	26	27	72	128
130	18	17	56	55	129
132	126	53	57	55	129
131	25	37	82	83	88	87	18	130
135	31	104	102	65	134
140	35	136	135	31	30	138
139	73	4	30	138
142	33	32	141
143	5	33	142
145	34	54	100	99	144
148	75	76	146
154	152	149	150	151	153
152	146	76	36	149
151	79	78	77	150
153	39	2	14	79	151
154	147	148	146	152
156	86	39	153	154	147	38	155
159	157	158
159	97	52	50	13	12	11	157
158	99	144	143	5	7	11	157
159	97	98	100	99	158
163	161	160	162
162	28	29	112	113	160
163	107	108	109	106	161
167	165	164	166
165	111	110	112	113	164
166	106	161	160	113	164
167	69	67	68	111	165
167	69	101	105	109	106	166
170	168	169
169	127	54	34	35	136	137	168
170	133	132	126	127	169
175	173	172	171	174
174	133	132	129	130	131	128	171
172	71	72	128	171
173	134	65	66	71	172
175	137	136	135	134	173
175	137	168	170	133	174
180	176	177	178	179
180	139	73	74	176
178	145	144	143	142	141	177
179	140	35	34	145	178
180	139	138	140	179
185	182	181	183	184
182	156	86	87	88	181
183	81	85	83	88	181
185	155	156	182
184	123	125	119	80	81	183
185	155	38	122	123	184
